image: at_home_testbed.pgm
resolution: 0.020000
origin: [-10.250000, -10.250000, 0.000000]
negate: 0
occupied_thresh: 0.65
free_thresh: 0.196

